0.676243 -0.146013 -0.538861 0.827883 -0.189799 
-0.294388 0.324392 0.612924 -0.184548 -0.598927 
0.215096 0.54787 0.162351 -0.722092 0.317787 
0.641962 -0.645533 -0.885152 -0.274835 0.803381 

-0.919098 0.597183 0.303992 -0.566984 -0.653643 
-0.172664 -0.32345 0.476918 0.170708 0.564681 
0.999557 -0.0340771 0.472208 0.801094 -0.438388 
-0.466347 0.555335 -0.328121 0.83 -0.666552 
0.455743 0.96538 0.48424 0.750834 -1.1849 

-0.267541 -0.0462309 
0.178573 0.570259 
-0.310474 0.81015 
0.792325 -0.910652 
0.499558 0.9584 
9680.01