-0.00354399 -0.109237 0.10143 -0.452003 0.104577 
-1.03882 0.460523 -0.116755 0.626973 -0.0218956 
-0.151075 0.418749 0.618674 0.710526 -0.0579049 
-0.252241 -0.124552 -0.731169 -0.544732 -1.53919 

0.0453539 0.542506 2.47038 -0.81388 -0.219955 
-0.113117 -0.602931 -0.260585 0.347911 -0.823762 
-0.15143 0.745224 0.706668 -0.339345 -2.17917 
0.0333176 -3.79454 -1.28863 1.0462 -1.26625 
-0.908141 0.459738 -0.0191766 0.53763 0.974677 

-0.00488884 0.341872 
0.83887 -0.140908 
0.678702 -0.41279 
-0.0561941 -0.606364 
0.460152 -0.0314072 
9680.01