0.734839 -0.807216 0.866348 -0.440411 0.993473 
-0.07792 -0.672571 0.676065 0.603355 -0.0796009 
-0.346365 0.864312 0.152454 -0.749298 -0.313307 
0.0489256 0.0420726 -0.3466 0.774702 -0.374449 

-0.751735 0.216917 0.0413126 0.477099 0.722106 
-0.922516 0.376129 -0.496907 0.0310227 0.6823 
-0.462505 -0.746496 0.151307 -0.0543225 -0.328735 
0.340779 -0.507748 0.696905 -0.870916 0.322522 
-0.362116 -0.532597 -0.148556 -0.519018 0.213812 

-0.959057 -0.437335 
-0.635394 -0.228144 
0.532204 0.0219382 
-0.649218 0.260025 
-0.0982006 -0.815686 
5613.9